z_0: 1.0
z_1: 1.0
z_2: 1.0
z_3: 1.0
z_4: 1.0
z_5: 0.8928571428571429
z_6: 0.5357142857142857
z_7: 0.0
z_8: 0.0
z_9: 0.10714285714285714
z_10: 0.21428571428571427
z_11: 0.07142857142857142
z_12: 0.03571428571428571
z_13: 0.0
z_14: 0.0
z_15: 0.0
z_16: 0.0
z_17: 0.0
z_18: 0.0
z_19: 0.07142857142857142
z_20: 0.07142857142857142
z_21: 0.21428571428571427
z_22: 0.25
z_23: 0.2857142857142857
z_24: 0.39285714285714285
z_25: 0.39285714285714285
z_26: 0.4642857142857143
z_27: 0.5357142857142857
z_28: 0.6428571428571429
z_29: 0.5714285714285714
z_30: 0.5
z_31: 0.5
z_32: 0.6071428571428571
z_33: 0.6071428571428571
z_34: 0.6428571428571429
z_35: 0.6785714285714286
z_36: 0.6428571428571429
z_37: 0.6071428571428571
z_38: 0.6785714285714286
z_39: 0.6785714285714286
z_40: 0.5714285714285714
z_41: 0.6785714285714286
z_42: 0.6428571428571429
z_43: 0.6785714285714286
z_44: 0.6071428571428571
z_45: 0.6785714285714286
z_46: 0.6428571428571429
z_47: 0.7142857142857143
z_48: 0.75
z_49: 0.7857142857142857
z_50: 0.7142857142857143
z_51: 0.7142857142857143
z_52: 0.7142857142857143
z_53: 0.6428571428571429
z_54: 0.6785714285714286
z_55: 0.7142857142857143
z_56: 0.7142857142857143
z_57: 0.6428571428571429
z_58: 0.6785714285714286
z_59: 0.6785714285714286
